1 0 0.03085269
2 0 0.05144092
3 0 0.03085269
4 0 0.05144092
5 0 0.03990246
6 0 0.08477426
7 0 0.02644092
8 0 0.06394092
9 0 0.01021285
10 0 0.05144092
11 0 0.50144092
12 0 0.50144092
13 0 0.01756995
14 0 0.03477426
15 0 0.50144092
16 0 0.05699648
17 0 0.03990246
18 0 0.50144092
19 0 0.03269092
20 0 0.03477426
21 0 0.00913323
22 0 0.04689547
23 0 0.03085269
24 0 0.03269092
25 0 0.00868730
26 0 0.00879386
27 0 0.10144092
28 0 0.03990246
29 0 0.03990246
30 0 0.03085269
31 0 0.02318005
32 0 0.08477426
33 0 0.25144092
34 0 0.10144092
35 0 0.25144092
36 0 0.04689547
37 0 0.50144092
38 0 0.05699648
39 0 0.03477426
40 0 0.01280456
41 0 0.02227426
42 0 0.25144092
43 0 0.50144092
44 0 0.08477426
45 0 0.04310759
46 0 0.10144092
47 0 0.25144092
48 0 0.02416819
49 0 0.12644092
50 0 0.04689547
51 0 0.07286949
52 0 0.25144092
53 0 0.01756995
54 0 0.06394092
55 0 0.03085269
56 0 0.00785118
57 0 0.03477426
58 0 0.04310759
59 0 0.02775671
60 0 0.06394092
61 0 0.16810759
62 0 0.02067169
63 0 0.08477426
64 0 0.07286949
65 0 0.04310759
66 0 0.03477426
67 0 0.00801987
68 0 0.05699648
69 0 0.05144092
70 0 0.25144092
71 0 0.16810759
72 0 0.02227426
73 0 0.05144092
74 0 0.50144092
75 0 0.03715521
76 0 0.16810759
77 0 0.08477426
78 0 0.05699648
79 0 0.04310759
80 0 0.02318005
81 0 0.16810759
82 0 0.01614680
83 0 0.07286949
84 0 0.03990246
85 0 0.03715521
86 0 0.08477426
87 0 0.03990246
88 0 0.02644092
89 0 0.06394092
90 0 0.25144092
91 0 0.06394092
92 0 0.02525045
93 0 0.06394092
94 0 0.02416819
95 0 0.08477426
96 0 0.05699648
97 0 0.16810759
98 0 0.01164500
99 0 0.03990246
100 0 0.05699648
101 0 0.02775671
102 0 0.08477426
103 0 0.03269092
104 0 0.01706592
105 0 0.03715521
106 0 0.06394092
107 0 0.00191939
108 0 0.03990246
109 0 0.01495444
110 0 0.10144092
111 0 0.03715521
112 0 0.16810759
113 0 0.01394092
114 0 0.50144092
115 0 0.02525045
116 0 0.03085269
117 0 0.08477426
118 0 0.01532981
119 0 0.00950544
120 0 0.12644092
121 0 0.04310759
122 0 0.00937743
123 0 0.02921870
124 0 0.12644092
125 0 0.12644092
126 0 0.07286949
127 0 0.03269092
128 0 0.01929807
129 0 0.07286949
130 0 0.03269092
131 0 0.07286949
132 0 0.03269092
133 0 0.02921870
134 0 0.02775671
135 0 0.05144092
136 0 0.00520032
137 0 0.03269092
138 0 0.25144092
139 0 0.05699648
140 0 0.04689547
141 0 0.01929807
142 0 0.01306883
143 0 0.04310759
144 0 0.03477426
145 0 0.25144092
146 0 0.05144092
147 0 0.08477426
148 0 0.02644092
149 0 0.03715521
150 0 0.04689547
151 0 0.07286949
152 0 0.10144092
153 0 0.25144092
154 0 0.25144092
155 0 0.16810759
156 0 0.04310759
157 0 0.16810759
158 0 0.02144092
159 0 0.03715521
160 0 0.25144092
161 0 0.02144092
162 0 0.06394092
163 0 0.08477426
164 0 0.16810759
165 0 0.04689547
166 0 0.12644092
167 0 0.07286949
168 0 0.04689547
169 0 0.01459882
170 0 0.01231049
171 0 0.02416819
172 0 0.01363604
173 0 0.04310759
174 0 0.12644092
175 0 0.03085269
176 0 0.03715521
177 0 0.04689547
178 0 0.03990246
179 0 0.16810759
180 0 0.02644092
181 0 0.05144092
182 0 0.16810759
183 0 0.25144092
184 0 0.02921870
185 0 0.02067169
186 0 0.01280456
187 0 0.03269092
188 0 0.01185759
189 0 0.07286949
190 0 0.12644092
191 0 0.16810759
192 0 0.10144092
193 0 0.10144092
194 0 0.02775671
195 0 0.05699648
196 0 0.03990246
197 0 0.03269092
198 0 0.04310759
199 0 0.01207922
200 0 0.01021285
201 0 0.12644092
202 0 0.12644092
203 0 0.01021285
204 0 0.02416819
205 0 0.25144092
206 0 0.12644092
207 0 0.16810759
208 0 0.07286949
209 0 0.50144092
210 0 0.50144092
211 0 0.01810759
212 0 0.02921870
213 0 0.01426144
214 0 0.03085269
215 0 0.50144092
216 0 0.25144092
217 0 0.06394092
218 0 0.05699648
219 0 0.08477426
220 0 0.12644092
221 0 0.06394092
222 0 0.04689547
223 0 0.01995944
224 0 0.01929807
225 0 0.05144092
226 0 0.03715521
227 0 0.03477426
228 0 0.16810759
229 0 0.08477426
230 0 0.05699648
231 0 0.02525045
232 0 0.02144092
233 0 0.25144092
234 0 0.25144092
235 0 0.10144092
236 0 0.01495444
237 0 0.07286949
238 0 0.02318005
239 0 0.00991550
240 0 0.16810759
241 0 0.25144092
242 0 0.02227426
243 0 0.06394092
244 0 0.25144092
245 0 0.10144092
246 0 0.03715521
247 0 0.16810759
248 0 0.02525045
249 0 0.02227426
250 0 0.10144092
251 0 0.03715521
252 0 0.00913323
253 0 0.16810759
254 0 0.03085269
255 0 0.25144092
256 0 0.25144092
257 0 0.02921870
258 0 0.03477426
259 0 0.06394092
260 0 0.06394092
261 0 0.01459882
262 0 0.12644092
263 0 0.07286949
264 0 0.10144092
265 0 0.01995944
266 0 0.02921870
267 0 0.25144092
268 0 0.04689547
269 0 0.08477426
270 0 0.12644092
271 0 0.00829024
272 0 0.01255203
273 0 0.05699648
274 0 0.03715521
275 0 0.05144092
276 0 0.02921870
277 0 0.00913323
278 0 0.05144092
279 0 0.25144092
280 0 0.01306883
281 0 0.03269092
282 0 0.25144092
283 0 0.10144092
284 0 0.03269092
285 0 0.01207922
286 0 0.25144092
287 0 0.50144092
288 0 0.12644092
289 0 0.12644092
290 0 0.03715521
291 0 0.01532981
292 0 0.50144092
293 0 0.16810759
294 0 0.16810759
295 0 0.05144092
296 0 0.07286949
297 0 0.02144092
298 0 0.04689547
299 0 0.02644092
300 0 0.07286949
301 0 0.16810759
302 0 0.02644092
303 0 0.02525045
304 0 0.01053183
305 0 0.25144092
306 0 0.05699648
307 0 0.12644092
308 0 0.02227426
309 0 0.05144092
310 0 0.03990246
311 0 0.07286949
312 0 0.02067169
313 0 0.01495444
314 0 0.03990246
315 0 0.01036949
316 0 0.25144092
317 0 0.07286949
318 0 0.04689547
319 0 0.06394092
320 0 0.02525045
321 0 0.16810759
322 0 0.00838537
323 0 0.01426144
324 0 0.02067169
325 0 0.01426144
326 0 0.02775671
327 0 0.12644092
328 0 0.05699648
329 0 0.01810759
330 0 0.03269092
331 0 0.02644092
332 0 0.01306883
333 0 0.06394092
334 0 0.01929807
335 0 0.50144092
336 0 0.16810759
337 0 0.05699648
338 0 0.07286949
339 0 0.01995944
340 0 0.08477426
341 0 0.04310759
342 0 0.01614680
343 0 0.02921870
344 0 0.05699648
345 0 0.03269092
346 0 0.01995944
347 0 0.07286949
0 1 0.03085269
48 1 0.05213904
53 1 0.04554080
54 1 0.09191176
73 1 0.07941176
88 1 0.05441176
92 1 0.05322129
119 1 0.03747628
126 1 0.10084034
133 1 0.05718954
194 1 0.05572755
236 1 0.04292528
280 1 0.04103967
299 1 0.05441176
315 1 0.03834034
322 1 0.03635621
346 1 0.04793028
0 2 0.05144092
20 2 0.08333333
115 2 0.07380952
116 2 0.07941176
149 2 0.08571429
226 2 0.08571429
312 2 0.06923077
326 2 0.07631579
333 2 0.11250000
343 2 0.07777778
0 3 0.03085269
9 3 0.03818369
25 3 0.03665814
26 3 0.03676471
67 3 0.03599071
72 3 0.05024510
85 3 0.06512605
122 3 0.03734827
142 3 0.04103967
170 3 0.04028133
188 3 0.03982843
200 3 0.03818369
228 3 0.19607843
274 3 0.06512605
280 3 0.04103967
283 3 0.12941176
323 3 0.04223228
0 4 0.05144092
78 4 0.10555556
152 4 0.15000000
181 4 0.10000000
195 4 0.10555556
218 4 0.10555556
273 4 0.10555556
275 4 0.10000000
306 4 0.10555556
328 4 0.10555556
0 5 0.03990246
87 5 0.07692308
122 5 0.04639805
156 5 0.08012821
158 5 0.05846154
169 5 0.05161943
180 5 0.06346154
187 5 0.06971154
204 5 0.06118881
213 5 0.05128205
235 5 0.13846154
315 5 0.04739011
316 5 0.28846154
0 6 0.08477426
89 6 0.14583333
95 6 0.16666667
147 6 0.16666667
219 6 0.16666667
319 6 0.14583333
0 7 0.02644092
22 7 0.07045455
31 7 0.04673913
38 7 0.08055556
65 7 0.06666667
87 7 0.06346154
103 7 0.05625000
129 7 0.09642857
136 7 0.02875940
168 7 0.07045455
213 7 0.03782051
246 7 0.06071429
291 7 0.03888889
304 7 0.03409091
308 7 0.04583333
315 7 0.03392857
322 7 0.03194444
339 7 0.04351852
340 7 0.10833333
347 7 0.09642857
0 8 0.06394092
91 8 0.12500000
110 8 0.16250000
193 8 0.16250000
201 8 0.18750000
245 8 0.16250000
259 8 0.12500000
264 8 0.16250000
0 9 0.01021285
3 9 0.03818369
21 9 0.01646424
25 9 0.01601831
26 9 0.01612487
30 9 0.03818369
56 9 0.01518219
66 9 0.04210526
67 9 0.01535088
69 9 0.05877193
72 9 0.02960526
75 9 0.04448622
79 9 0.05043860
85 9 0.04448622
105 9 0.04448622
113 9 0.02127193
119 9 0.01683645
122 9 0.01670844
128 9 0.02662907
133 9 0.03654971
134 9 0.03508772
141 9 0.02662907
142 9 0.02039984
148 9 0.03377193
156 9 0.05043860
161 9 0.02877193
169 9 0.02192982
170 9 0.01964150
176 9 0.04448622
185 9 0.02800270
186 9 0.02013557
188 9 0.01918860
199 9 0.01941023
200 9 0.01754386
203 9 0.01754386
224 9 0.02662907
231 9 0.03258145
232 9 0.02877193
252 9 0.01646424
258 9 0.04210526
271 9 0.01562124
272 9 0.01988304
276 9 0.03654971
277 9 0.01646424
280 9 0.02039984
285 9 0.01941023
291 9 0.02266082
295 9 0.05877193
297 9 0.02877193
304 9 0.01786284
315 9 0.01770050
322 9 0.01571637
323 9 0.02159244
329 9 0.02543860
334 9 0.02662907
341 9 0.05043860
342 9 0.02347781
0 10 0.05144092
67 10 0.05657895
142 10 0.06162791
169 10 0.06315789
200 10 0.05877193
277 10 0.05769231
285 10 0.06063830
291 10 0.06388889
323 10 0.06282051
332 10 0.06162791
0 11 0.50144092
0 12 0.50144092
0 13 0.01756995
21 13 0.02382134
26 13 0.02348197
56 13 0.02253929
59 13 0.04244482
65 13 0.05779570
67 13 0.02270798
82 13 0.03083491
98 13 0.02633311
109 13 0.02964255
118 13 0.03001792
119 13 0.02419355
148 13 0.04112903
172 13 0.02832415
188 13 0.02654570
199 13 0.02676733
211 13 0.03279570
223 13 0.03464755
236 13 0.02964255
238 13 0.03786816
239 13 0.02460361
252 13 0.02382134
261 13 0.02928693
265 13 0.03464755
271 13 0.02297835
277 13 0.02382134
304 13 0.02521994
313 13 0.02964255
325 13 0.02894955
332 13 0.02775694
342 13 0.03083491
0 14 0.03477426
20 14 0.06666667
28 14 0.07179487
41 14 0.05416667
115 14 0.05714286
116 14 0.06274510
144 14 0.06666667
149 14 0.06904762
151 14 0.10476190
214 14 0.06274510
226 14 0.06904762
310 14 0.07179487
312 14 0.05256410
326 14 0.05964912
343 14 0.06111111
0 15 0.50144092
0 16 0.05699648
29 16 0.09401709
82 16 0.07026144
118 16 0.06944444
172 16 0.06775068
261 16 0.06871345
329 16 0.07222222
331 16 0.08055556
332 16 0.06718346
0 17 0.03990246
19 17 0.06971154
41 17 0.05929487
111 17 0.07417582
115 17 0.06227106
116 17 0.06787330
137 17 0.06971154
140 17 0.08391608
144 17 0.07179487
214 17 0.06787330
310 17 0.07692308
312 17 0.05769231
326 17 0.06477733
0 18 0.50144092
0 19 0.03269092
17 19 0.06971154
41 19 0.05208333
89 19 0.09375000
112 19 0.19791667
115 19 0.05505952
138 19 0.28125000
174 19 0.15625000
175 19 0.06066176
214 19 0.06066176
227 19 0.06458333
289 19 0.15625000
293 19 0.19791667
312 19 0.05048077
319 19 0.09375000
343 19 0.05902778
0 20 0.03477426
2 20 0.08333333
14 20 0.06666667
41 20 0.05416667
44 20 0.11666667
111 20 0.06904762
115 20 0.05714286
149 20 0.06904762
162 20 0.09583333
214 20 0.06274510
226 20 0.06904762
312 20 0.05256410
326 20 0.05964912
333 20 0.09583333
343 20 0.06111111
0 21 0.00913323
9 21 0.01646424
13 21 0.02382134
25 21 0.01493868
26 21 0.01504525
31 21 0.02943144
39 21 0.04102564
40 21 0.01905594
55 21 0.03710407
56 21 0.01410256
66 21 0.04102564
67 21 0.01427126
88 21 0.03269231
98 21 0.01789639
104 21 0.02331731
105 21 0.04340659
108 21 0.04615385
109 21 0.02120582
119 21 0.01575682
121 21 0.04935897
122 21 0.01562882
123 21 0.03547009
127 21 0.03894231
134 21 0.03400810
136 21 0.01145171
142 21 0.01932021
159 21 0.04340659
161 21 0.02769231
165 21 0.05314685
169 21 0.02085020
170 21 0.01856187
184 21 0.03547009
186 21 0.01905594
188 21 0.01810897
197 21 0.03894231
200 21 0.01646424
203 21 0.01646424
212 21 0.03547009
223 21 0.02621083
232 21 0.02769231
235 21 0.10769231
236 21 0.02120582
239 21 0.01616688
248 21 0.03150183
251 21 0.04340659
252 21 0.01538462
271 21 0.01454162
272 21 0.01880342
274 21 0.04340659
277 21 0.01538462
280 21 0.01932021
281 21 0.03894231
284 21 0.03894231
297 21 0.02769231
304 21 0.01678322
308 21 0.02852564
313 21 0.02120582
315 21 0.01662088
322 21 0.01463675
323 21 0.02051282
325 21 0.02051282
332 21 0.01932021
334 21 0.02554945
342 21 0.02239819
345 21 0.03894231
0 22 0.04689547
7 22 0.07045455
87 22 0.08391608
158 22 0.06545455
168 22 0.09090909
185 22 0.06468531
277 22 0.05314685
308 22 0.06628788
324 22 0.06468531
339 22 0.06397306
347 22 0.11688312
0 23 0.03085269
51 23 0.10084034
61 23 0.19607843
83 23 0.10084034
99 23 0.06787330
116 23 0.05882353
124 23 0.15441176
144 23 0.06274510
155 23 0.19607843
175 23 0.05882353
190 23 0.15441176
227 23 0.06274510
230 23 0.08496732
237 23 0.10084034
240 23 0.19607843
245 23 0.12941176
267 23 0.27941176
0 24 0.03269092
53 24 0.04737903
57 24 0.06458333
80 24 0.05298913
92 24 0.05505952
94 24 0.05397727
101 24 0.05756579
180 24 0.05625000
187 24 0.06250000
194 24 0.05756579
242 24 0.05208333
249 24 0.05208333
266 24 0.05902778
299 24 0.05625000
302 24 0.05625000
346 24 0.04976852
0 25 0.00868730
3 25 0.03665814
9 25 0.01601831
21 25 0.01493868
26 25 0.01459932
31 25 0.02898551
39 25 0.04057971
40 25 0.01861001
51 25 0.07867495
56 25 0.01365663
65 25 0.04891304
67 25 0.01382532
69 25 0.05724638
72 25 0.02807971
73 25 0.05724638
76 25 0.17391304
79 25 0.04891304
83 25 0.07867495
84 25 0.04570792
88 25 0.03224638
94 25 0.02997365
98 25 0.01745046
103 25 0.03849638
104 25 0.02287138
105 25 0.04296066
113 25 0.01974638
119 25 0.01531089
122 25 0.01518288
130 25 0.03849638
141 25 0.02510352
148 25 0.03224638
158 25 0.02724638
169 25 0.02040427
170 25 0.01811594
176 25 0.04296066
185 25 0.02647715
186 25 0.01861001
188 25 0.01766304
199 25 0.01788467
200 25 0.01601831
203 25 0.01601831
221 25 0.06974638
224 25 0.02510352
231 25 0.03105590
232 25 0.02724638
236 25 0.02075989
237 25 0.07867495
239 25 0.01572095
246 25 0.04296066
252 25 0.01493868
257 25 0.03502415
270 25 0.13224638
271 25 0.01409569
272 25 0.01835749
276 25 0.03502415
277 25 0.01493868
280 25 0.01887428
283 25 0.10724638
285 25 0.01788467
288 25 0.13224638
290 25 0.04296066
291 25 0.02113527
297 25 0.02724638
322 25 0.01419082
323 25 0.02006689
325 25 0.02006689
331 25 0.03224638
332 25 0.01887428
336 25 0.17391304
0 26 0.00879386
3 26 0.03676471
9 26 0.01612487
13 26 0.02348197
21 26 0.01504525
25 26 0.01459932
40 26 0.01871658
55 26 0.03676471
56 26 0.01376320
62 26 0.02658371
66 26 0.04068627
67 26 0.01393189
69 26 0.05735294
72 26 0.02818627
79 26 0.04901961
98 26 0.01755702
104 26 0.02297794
109 26 0.02086645
113 26 0.01985294
118 26 0.02124183
119 26 0.01541746
122 26 0.01528945
123 26 0.03513072
128 26 0.02521008
133 26 0.03513072
134 26 0.03366873
141 26 0.02521008
142 26 0.01898085
158 26 0.02735294
161 26 0.02735294
169 26 0.02051084
170 26 0.01822251
172 26 0.01954806
176 26 0.04306723
185 26 0.02658371
186 26 0.01871658
188 26 0.01776961
199 26 0.01799124
200 26 0.01612487
203 26 0.01612487
212 26 0.03513072
223 26 0.02587146
224 26 0.02521008
232 26 0.02735294
236 26 0.02086645
239 26 0.01582752
248 26 0.03116246
252 26 0.01504525
257 26 0.03513072
265 26 0.02587146
271 26 0.01420226
276 26 0.03513072
277 26 0.01504525
280 26 0.01898085
285 26 0.01799124
291 26 0.02124183
295 26 0.05735294
297 26 0.02735294
298 26 0.05280749
304 26 0.01644385
308 26 0.02818627
313 26 0.02086645
315 26 0.01628151
322 26 0.01429739
323 26 0.02017345
325 26 0.02017345
332 26 0.01898085
334 26 0.02521008
0 27 0.10144092
54 27 0.16250000
119 27 0.10806452
324 27 0.11923077
329 27 0.11666667
0 28 0.03990246
14 28 0.07179487
41 28 0.05929487
115 28 0.06227106
116 28 0.06787330
140 28 0.08391608
144 28 0.07179487
149 28 0.07417582
151 28 0.10989011
226 28 0.07417582
310 28 0.07692308
312 28 0.05769231
326 28 0.06477733
0 29 0.03990246
16 29 0.09401709
40 29 0.04982517
82 29 0.05316742
106 29 0.10096154
118 29 0.05235043
172 29 0.05065666
203 29 0.04723347
211 29 0.05512821
231 29 0.06227106
247 29 0.20512821
252 29 0.04615385
338 29 0.10989011
0 30 0.03085269
9 30 0.03818369
48 30 0.05213904
56 30 0.03582202
73 30 0.07941176
178 30 0.06787330
188 30 0.03982843
200 30 0.03818369
213 30 0.04223228
224 30 0.04726891
236 30 0.04292528
271 30 0.03626108
303 30 0.05322129
304 30 0.03850267
322 30 0.03635621
329 30 0.04607843
331 30 0.05441176
0 31 0.02318005
7 31 0.04673913
21 31 0.02943144
25 31 0.02898551
51 31 0.09316770
67 31 0.02831808
83 31 0.09316770
84 31 0.06020067
109 31 0.03525264
122 31 0.02967564
129 31 0.09316770
142 31 0.03336704
168 31 0.06719368
200 31 0.03051106
237 31 0.09316770
252 31 0.02943144
277 31 0.02943144
280 31 0.03336704
291 31 0.03562802
304 31 0.03083004
308 31 0.04257246
338 31 0.09316770
339 31 0.04025765
0 32 0.08477426
93 32 0.14583333
137 32 0.11458333
167 32 0.15476190
310 32 0.12179487
337 32 0.13888889
0 33 0.25144092
42 33 0.50000000
0 34 0.10144092
173 34 0.14166667
348 34 0.10218341
414 34 0.10314465
428 34 0.10434783
0 35 0.25144092
143 35 0.29166667
0 36 0.04689547
108 36 0.08391608
127 36 0.07670455
135 36 0.09545455
184 36 0.07323232
197 36 0.07670455
251 36 0.08116883
281 36 0.07670455
284 36 0.07670455
309 36 0.09545455
320 36 0.06926407
0 37 0.50144092
0 38 0.05699648
7 38 0.08055556
117 38 0.13888889
141 38 0.07341270
178 38 0.09401709
248 38 0.07936508
322 38 0.06250000
332 38 0.06718346
339 38 0.07407407
0 39 0.03477426
21 39 0.04102564
25 39 0.04057971
69 39 0.08333333
105 39 0.06904762
119 39 0.04139785
121 39 0.07500000
141 39 0.05119048
161 39 0.05333333
165 39 0.07878788
200 39 0.04210526
257 39 0.06111111
277 39 0.04102564
280 39 0.04496124
313 39 0.04684685
0 40 0.01280456
21 40 0.01905594
25 40 0.01861001
26 40 0.01871658
29 40 0.04982517
56 40 0.01777389
67 40 0.01794258
72 40 0.03219697
77 40 0.09469697
113 40 0.02386364
132 40 0.04261364
133 40 0.03914141
141 40 0.02922078
142 40 0.02299154
158 40 0.03136364
169 40 0.02452153
172 40 0.02355876
199 40 0.02200193
200 40 0.02013557
203 40 0.02013557
212 40 0.03914141
213 40 0.02418415
224 40 0.02922078
231 40 0.03517316
232 40 0.03136364
239 40 0.01983821
257 40 0.03914141
258 40 0.04469697
265 40 0.02988215
271 40 0.01821295
272 40 0.02247475
274 40 0.04707792
277 40 0.01905594
280 40 0.02299154
298 40 0.05681818
304 40 0.02045455
307 40 0.13636364
315 40 0.02029221
317 40 0.08279221
322 40 0.01830808
325 40 0.02418415
329 40 0.02803030
332 40 0.02299154
334 40 0.02922078
0 41 0.02227426
14 41 0.05416667
17 41 0.05929487
19 41 0.05208333
20 41 0.05416667
28 41 0.05929487
44 41 0.10416667
93 41 0.08333333
111 41 0.05654762
115 41 0.04464286
116 41 0.05024510
137 41 0.05208333
140 41 0.06628788
144 41 0.05416667
151 41 0.09226190
214 41 0.05024510
226 41 0.05654762
230 41 0.07638889
243 41 0.08333333
310 41 0.05929487
312 41 0.04006410
326 41 0.04714912
337 41 0.07638889
343 41 0.04861111
0 42 0.25144092
33 42 0.50000000
0 43 0.50144092
0 44 0.08477426
20 44 0.11666667
41 44 0.10416667
111 44 0.11904762
312 44 0.10256410
343 44 0.11111111
0 45 0.04310759
67 45 0.04824561
104 45 0.05729167
122 45 0.04960317
132 45 0.07291667
142 45 0.05329457
186 45 0.05303030
200 45 0.05043860
221 45 0.10416667
303 45 0.06547619
322 45 0.04861111
345 45 0.07291667
0 46 0.10144092
143 46 0.14166667
175 46 0.12941176
177 46 0.14545455
278 46 0.15000000
0 47 0.25144092
301 47 0.41666667
0 48 0.02416819
1 48 0.05213904
30 48 0.05213904
53 48 0.03885630
54 48 0.08522727
57 48 0.05606061
73 48 0.07272727
80 48 0.04446640
88 48 0.04772727
119 48 0.03079179
126 48 0.09415584
130 48 0.05397727
180 48 0.04772727
199 48 0.03336557
203 48 0.03149920
271 48 0.02957659
299 48 0.04772727
302 48 0.04772727
320 48 0.04653680
322 48 0.02967172
330 48 0.05397727
332 48 0.03435518
0 49 0.12644092
192 49 0.22500000
241 49 0.37500000
255 49 0.37500000
0 50 0.04689547
109 50 0.05896806
113 50 0.05795455
119 50 0.05351906
146 50 0.09545455
148 50 0.07045455
203 50 0.05422648
277 50 0.05314685
314 50 0.08391608
331 50 0.07045455
334 50 0.06331169
0 51 0.07286949
23 51 0.10084034
25 51 0.07867495
31 51 0.09316770
83 51 0.14285714
84 51 0.10989011
237 51 0.14285714
0 52 0.25144092
192 52 0.35000000
0 53 0.01756995
1 53 0.04554080
24 53 0.04737903
48 53 0.03885630
54 53 0.07862903
88 53 0.04112903
92 53 0.03993856
94 53 0.03885630
101 53 0.04244482
130 53 0.04737903
146 53 0.06612903
180 53 0.04112903
191 53 0.18279570
194 53 0.04244482
196 53 0.05459057
204 53 0.03885630
213 53 0.02894955
242 53 0.03696237
248 53 0.03993856
249 53 0.03696237
254 53 0.04554080
260 53 0.07862903
266 53 0.04390681
299 53 0.04112903
302 53 0.04112903
315 53 0.02505760
317 53 0.08755760
322 53 0.02307348
330 53 0.04737903
332 53 0.02775694
346 53 0.03464755
0 54 0.06394092
1 54 0.09191176
27 54 0.16250000
48 54 0.08522727
53 54 0.07862903
119 54 0.07056452
313 54 0.07601351
329 54 0.07916667
0 55 0.03085269
21 55 0.03710407
26 55 0.03676471
56 55 0.03582202
67 55 0.03599071
104 55 0.04503676
122 55 0.03734827
123 55 0.05718954
170 55 0.04028133
185 55 0.04864253
186 55 0.04077540
200 55 0.03818369
203 55 0.03818369
239 55 0.03788634
252 55 0.03710407
261 55 0.04256966
277 55 0.03710407
0 56 0.00785118
9 56 0.01518219
13 56 0.02253929
21 56 0.01410256
25 56 0.01365663
26 56 0.01376320
30 56 0.03582202
40 56 0.01777389
55 56 0.03582202
59 56 0.03272605
60 56 0.06891026
62 56 0.02564103
63 56 0.08974359
66 56 0.03974359
67 56 0.01298920
72 56 0.02724359
75 56 0.04212454
82 56 0.02111614
88 56 0.03141026
98 56 0.01661434
103 56 0.03766026
104 56 0.02203526
109 56 0.01992377
113 56 0.01891026
118 56 0.02029915
119 56 0.01447477
122 56 0.01434676
128 56 0.02426740
132 56 0.03766026
134 56 0.03272605
136 56 0.01016965
141 56 0.02426740
142 56 0.01803816
161 56 0.02641026
169 56 0.01956815
170 56 0.01727982
172 56 0.01860538
185 56 0.02564103
186 56 0.01777389
188 56 0.01682692
199 56 0.01704855
200 56 0.01518219
203 56 0.01518219
207 56 0.17307692
211 56 0.02307692
212 56 0.03418803
213 56 0.01923077
221 56 0.06891026
222 56 0.05186480
223 56 0.02492877
231 56 0.03021978
232 56 0.02641026
238 56 0.02814939
239 56 0.01488483
252 56 0.01410256
261 56 0.01956815
265 56 0.02492877
271 56 0.01325957
272 56 0.01752137
276 56 0.03418803
277 56 0.01410256
285 56 0.01704855
290 56 0.04212454
291 56 0.02029915
297 56 0.02641026
298 56 0.05186480
303 56 0.03021978
304 56 0.01550117
313 56 0.01992377
315 56 0.01533883
322 56 0.01335470
323 56 0.01923077
325 56 0.01923077
331 56 0.03141026
332 56 0.01803816
334 56 0.02426740
341 56 0.04807692
342 56 0.02111614
0 57 0.03477426
24 57 0.06458333
48 57 0.05606061
80 57 0.05507246
92 57 0.05714286
108 57 0.07179487
184 57 0.06111111
204 57 0.05606061
213 57 0.04615385
242 57 0.05416667
249 57 0.05416667
277 57 0.04102564
302 57 0.05833333
320 57 0.05714286
346 57 0.05185185
0 58 0.04310759
107 58 0.04214514
171 58 0.06439394
269 58 0.12500000
1684 58 0.04229798
1912 58 0.04232892
2814 58 0.29166667
2838 58 0.16666667
2885 58 0.16666667
3003 58 0.16666667
3173 58 0.06944444
3290 58 0.14166667
0 59 0.02775671
13 59 0.04244482
56 59 0.03272605
82 59 0.04102167
98 59 0.03651987
118 59 0.04020468
172 59 0.03851091
186 59 0.03767943
203 59 0.03508772
211 59 0.04298246
238 59 0.04805492
239 59 0.03479037
250 59 0.12631579
252 59 0.03400810
261 59 0.03947368
268 59 0.07177033
271 59 0.03316510
325 59 0.03913630
342 59 0.04102167
0 60 0.06394092
56 60 0.06891026
158 60 0.08250000
239 60 0.07097458
285 60 0.07313830
291 60 0.07638889
313 60 0.07601351
322 60 0.06944444
0 61 0.16810759
23 61 0.19607843
193 61 0.26666667
0 62 0.02067169
26 62 0.02658371
56 62 0.02564103
67 62 0.02580972
96 62 0.07478632
98 62 0.02943485
122 62 0.02716728
130 62 0.05048077
133 62 0.04700855
141 62 0.03708791
142 62 0.03085868
161 62 0.03923077
170 62 0.03010033
186 62 0.03059441
199 62 0.02986907
200 62 0.02800270
223 62 0.03774929
224 62 0.03708791
236 62 0.03274428
239 62 0.02770535
261 62 0.03238866
276 62 0.04700855
318 62 0.06468531
322 62 0.02617521
323 62 0.03205128
341 62 0.06089744
0 63 0.08477426
56 63 0.08974359
261 63 0.09649123
271 63 0.09018265
313 63 0.09684685
342 63 0.09803922
0 64 0.07286949
100 64 0.12698413
119 64 0.07949309
150 64 0.11688312
171 64 0.09415584
189 64 0.14285714
217 64 0.13392857
0 65 0.04310759
7 65 0.06666667
13 65 0.05779570
25 65 0.04891304
82 65 0.05637255
118 65 0.05555556
203 65 0.05043860
252 65 0.04935897
261 65 0.05482456
297 65 0.06166667
314 65 0.08012821
339 65 0.06018519
0 66 0.03477426
9 66 0.04210526
21 66 0.04102564
26 66 0.04068627
56 66 0.03974359
67 66 0.03991228
113 66 0.04583333
122 66 0.04126984
134 66 0.05964912
142 66 0.04496124
239 66 0.04180791
252 66 0.04102564
304 66 0.04242424
308 66 0.05416667
334 66 0.05119048
0 67 0.00801987
3 67 0.03599071
9 67 0.01535088
10 67 0.05657895
13 67 0.02270798
21 67 0.01427126
25 67 0.01382532
26 67 0.01393189
31 67 0.02831808
40 67 0.01794258
45 67 0.04824561
55 67 0.03599071
56 67 0.01298920
62 67 0.02580972
66 67 0.03991228
69 67 0.05657895
72 67 0.02741228
75 67 0.04229323
79 67 0.04824561
82 67 0.02128483
98 67 0.01678303
104 67 0.02220395
109 67 0.02009246
113 67 0.01907895
118 67 0.02046784
119 67 0.01464346
122 67 0.01451546
123 67 0.03435673
128 67 0.02443609
134 67 0.03289474
136 67 0.01033835
141 67 0.02443609
142 67 0.01820685
156 67 0.04824561
158 67 0.02657895
161 67 0.02657895
169 67 0.01973684
170 67 0.01744851
185 67 0.02580972
186 67 0.01794258
188 67 0.01699561
196 67 0.04504049
199 67 0.01721725
200 67 0.01535088
203 67 0.01535088
212 67 0.03435673
213 67 0.01939946
223 67 0.02509747
224 67 0.02443609
236 67 0.02009246
239 67 0.01505352
248 67 0.03038847
252 67 0.01427126
261 67 0.01973684
265 67 0.02509747
271 67 0.01342826
272 67 0.01769006
277 67 0.01427126
280 67 0.01820685
285 67 0.01721725
290 67 0.04229323
297 67 0.02657895
303 67 0.03038847
304 67 0.01566986
308 67 0.02741228
313 67 0.02009246
315 67 0.01550752
322 67 0.01352339
323 67 0.01939946
324 67 0.02580972
325 67 0.01939946
332 67 0.01820685
334 67 0.02443609
342 67 0.02128483
344 67 0.06213450
345 67 0.03782895
0 68 0.05699648
99 68 0.09401709
143 68 0.09722222
175 68 0.08496732
177 68 0.10101010
225 68 0.10555556
227 68 0.08888889
263 68 0.12698413
296 68 0.12698413
0 69 0.05144092
9 69 0.05877193
25 69 0.05724638
26 69 0.05735294
39 69 0.08333333
67 69 0.05657895
105 69 0.08571429
121 69 0.09166667
236 69 0.06351351
304 69 0.05909091
0 70 0.25144092
230 70 0.30555556
0 71 0.16810759
230 71 0.22222222
307 71 0.29166667
0 72 0.02227426
3 72 0.05024510
9 72 0.02960526
25 72 0.02807971
26 72 0.02818627
40 72 0.03219697
56 72 0.02724359
67 72 0.02741228
113 72 0.03333333
132 72 0.05208333
141 72 0.03869048
165 72 0.06628788
172 72 0.03302846
199 72 0.03147163
200 72 0.02960526
212 72 0.04861111
232 72 0.04083333
239 72 0.02930791
252 72 0.02852564
271 72 0.02768265
272 72 0.03194444
291 72 0.03472222
298 72 0.06628788
329 72 0.03750000
0 73 0.05144092
1 73 0.07941176
25 73 0.05724638
30 73 0.07941176
48 73 0.07272727
88 73 0.07500000
126 73 0.12142857
130 73 0.08125000
299 73 0.07500000
331 73 0.07500000
0 74 0.50144092
0 75 0.03715521
9 75 0.04448622
56 75 0.04212454
67 75 0.04229323
85 75 0.07142857
170 75 0.04658385
188 75 0.04613095
200 75 0.04448622
258 75 0.06904762
272 75 0.04682540
274 75 0.07142857
304 75 0.04480519
322 75 0.04265873
323 75 0.04853480
0 76 0.16810759
25 76 0.17391304
270 76 0.29166667
0 77 0.08477426
40 77 0.09469697
117 77 0.16666667
231 77 0.10714286
294 77 0.25000000
332 77 0.09496124
0 78 0.05699648
4 78 0.10555556
181 78 0.10555556
195 78 0.11111111
218 78 0.11111111
273 78 0.11111111
275 78 0.10555556
306 78 0.11111111
328 78 0.11111111
0 79 0.04310759
9 79 0.05043860
25 79 0.04891304
26 79 0.04901961
67 79 0.04824561
119 79 0.04973118
185 79 0.06089744
188 79 0.05208333
200 79 0.05043860
252 79 0.04935897
271 79 0.04851598
272 79 0.05277778
0 80 0.02318005
24 80 0.05298913
48 80 0.04446640
57 80 0.05507246
88 80 0.04673913
92 80 0.04554865
94 80 0.04446640
101 80 0.04805492
173 80 0.06340580
180 80 0.04673913
187 80 0.05298913
194 80 0.04805492
204 80 0.04446640
213 80 0.03455964
242 80 0.04257246
249 80 0.04257246
266 80 0.04951691
299 80 0.04673913
300 80 0.09316770
315 80 0.03066770
320 80 0.04554865
330 80 0.05298913
346 80 0.04025765
0 81 0.16810759
269 81 0.25000000
286 81 0.41666667
0 82 0.01614680
13 82 0.03083491
16 82 0.07026144
29 82 0.05316742
56 82 0.02111614
59 82 0.04102167
65 82 0.05637255
67 82 0.02128483
84 82 0.05316742
98 82 0.02490996
118 82 0.02859477
119 82 0.02277040
121 82 0.05637255
123 82 0.04248366
148 82 0.03970588
158 82 0.03470588
169 82 0.02786378
170 82 0.02557545
172 82 0.02690100
199 82 0.02534418
203 82 0.02347781
211 82 0.03137255
222 82 0.06016043
231 82 0.03851541
238 82 0.03644501
252 82 0.02239819
261 82 0.02786378
268 82 0.06016043
271 82 0.02155520
313 82 0.02821940
314 82 0.05316742
318 82 0.06016043
325 82 0.02752640
331 82 0.03970588
0 83 0.07286949
23 83 0.10084034
25 83 0.07867495
31 83 0.09316770
51 83 0.14285714
84 83 0.10989011
237 83 0.14285714
0 84 0.03990246
25 84 0.04570792
31 84 0.06020067
51 84 0.10989011
82 84 0.05316742
83 84 0.10989011
224 84 0.05631868
236 84 0.05197505
237 84 0.10989011
265 84 0.05698006
276 84 0.06623932
304 84 0.04755245
313 84 0.05197505
0 85 0.03715521
3 85 0.06512605
9 85 0.04448622
75 85 0.07142857
156 85 0.07738095
170 85 0.04658385
176 85 0.07142857
188 85 0.04613095
258 85 0.06904762
271 85 0.04256360
272 85 0.04682540
274 85 0.07142857
322 85 0.04265873
323 85 0.04853480
0 86 0.08477426
175 86 0.11274510
177 86 0.12878788
225 86 0.13333333
227 86 0.11666667
278 86 0.13333333
0 87 0.03990246
5 87 0.07692308
7 87 0.06346154
22 87 0.08391608
136 87 0.04222094
161 87 0.05846154
213 87 0.05128205
246 87 0.07417582
291 87 0.05235043
308 87 0.05929487
315 87 0.04739011
322 87 0.04540598
339 87 0.05698006
0 88 0.02644092
1 88 0.05441176
21 88 0.03269231
25 88 0.03224638
48 88 0.04772727
53 88 0.04112903
56 88 0.03141026
73 88 0.07500000
80 88 0.04673913
106 88 0.08750000
126 88 0.09642857
130 88 0.05625000
164 88 0.19166667
178 88 0.06346154
186 88 0.03636364
236 88 0.03851351
242 88 0.04583333
303 88 0.04880952
322 88 0.03194444
336 88 0.19166667
0 89 0.06394092
6 89 0.14583333
19 89 0.09375000
95 89 0.14583333
147 89 0.14583333
219 89 0.14583333
319 89 0.12500000
327 89 0.18750000
0 90 0.25144092
179 90 0.41666667
0 91 0.06394092
8 91 0.12500000
110 91 0.16250000
193 91 0.16250000
201 91 0.18750000
245 91 0.16250000
259 91 0.12500000
264 91 0.16250000
0 92 0.02525045
1 92 0.05322129
24 92 0.05505952
53 92 0.03993856
57 92 0.05714286
80 92 0.04554865
94 92 0.04653680
101 92 0.05012531
180 92 0.04880952
187 92 0.05505952
194 92 0.05012531
196 92 0.06227106
204 92 0.04653680
242 92 0.04464286
249 92 0.04464286
254 92 0.05322129
266 92 0.05158730
299 92 0.04880952
302 92 0.04880952
330 92 0.05505952
346 92 0.04232804
0 93 0.06394092
32 93 0.14583333
41 93 0.08333333
111 93 0.09821429
137 93 0.09375000
167 93 0.13392857
310 93 0.10096154
337 93 0.11805556
0 94 0.02416819
24 94 0.05397727
25 94 0.02997365
53 94 0.03885630
80 94 0.04446640
92 94 0.04653680
101 94 0.04904306
180 94 0.04772727
187 94 0.05397727
194 94 0.04904306
204 94 0.04545455
242 94 0.04356061
249 94 0.04356061
254 94 0.05213904
266 94 0.05050505
299 94 0.04772727
300 94 0.09415584
302 94 0.04772727
315 94 0.03165584
320 94 0.04653680
330 94 0.05397727
346 94 0.04124579
0 95 0.08477426
6 95 0.16666667
89 95 0.14583333
147 95 0.16666667
319 95 0.14583333
327 95 0.20833333
0 96 0.05699648
62 96 0.07478632
133 96 0.08333333
190 96 0.18055556
213 96 0.06837607
224 96 0.07341270
274 96 0.09126984
314 96 0.09401709
323 96 0.06837607
0 97 0.16810759
182 97 0.33333333
230 97 0.22222222
0 98 0.01164500
13 98 0.02633311
21 98 0.01789639
25 98 0.01745046
26 98 0.01755702
56 98 0.01661434
59 98 0.03651987
62 98 0.02943485
67 98 0.01678303
82 98 0.02490996
103 98 0.04145408
104 98 0.02582908
109 98 0.02371760
113 98 0.02270408
118 98 0.02409297
119 98 0.01826860
122 98 0.01814059
123 98 0.03798186
128 98 0.02806122
141 98 0.02806122
148 98 0.03520408
170 98 0.02107365
172 98 0.02239920
186 98 0.02156772
199 98 0.02084238
200 98 0.01897601
203 98 0.01897601
211 98 0.02687075
223 98 0.02872260
238 98 0.03194321
239 98 0.01867866
252 98 0.01789639
258 98 0.04353741
261 98 0.02336198
265 98 0.02872260
271 98 0.01705340
272 98 0.02131519
276 98 0.03798186
277 98 0.01789639
280 98 0.02183199
285 98 0.02084238
291 98 0.02409297
304 98 0.01929499
313 98 0.02371760
315 98 0.01913265
325 98 0.02302459
331 98 0.03520408
332 98 0.02183199
342 98 0.02490996
0 99 0.03990246
23 99 0.06787330
68 99 0.09401709
102 99 0.12179487
131 99 0.10989011
143 99 0.08012821
175 99 0.06787330
177 99 0.08391608
225 99 0.08846154
227 99 0.07179487
263 99 0.10989011
278 99 0.08846154
296 99 0.10989011
0 100 0.05699648
64 100 0.12698413
119 100 0.06362007
150 100 0.10101010
163 100 0.13888889
189 100 0.12698413
217 100 0.11805556
269 100 0.13888889
323 100 0.06837607
0 101 0.02775671
24 101 0.05756579
53 101 0.04244482
80 101 0.04805492
92 101 0.05012531
94 101 0.04904306
180 101 0.05131579
187 101 0.05756579
194 101 0.05263158
204 101 0.04904306
242 101 0.04714912
249 101 0.04714912
254 101 0.05572755
266 101 0.05409357
299 101 0.05131579
302 101 0.05131579
317 101 0.09774436
330 101 0.05756579
346 101 0.04483431
0 102 0.08477426
99 102 0.12179487
175 102 0.11274510
227 102 0.11666667
263 102 0.15476190
296 102 0.15476190
0 103 0.03269092
7 103 0.05625000
25 103 0.03849638
56 103 0.03766026
98 103 0.04145408
136 103 0.03500940
169 103 0.04440789
172 103 0.04344512
185 103 0.05048077
200 103 0.04002193
211 103 0.04791667
252 103 0.03894231
271 103 0.03809932
285 103 0.04188830
323 103 0.04407051
339 103 0.04976852
0 104 0.01706592
21 104 0.02331731
25 104 0.02287138
26 104 0.02297794
45 104 0.05729167
55 104 0.04503676
56 104 0.02203526
67 104 0.02220395
98 104 0.02582908
109 104 0.02913851
113 104 0.02812500
122 104 0.02356151
123 104 0.04340278
128 104 0.03348214
142 104 0.02725291
169 104 0.02878289
186 104 0.02698864
188 104 0.02604167
200 104 0.02439693
203 104 0.02439693
212 104 0.04340278
239 104 0.02409958
252 104 0.02331731
271 104 0.02247432
277 104 0.02331731
295 104 0.06562500
303 104 0.03943452
318 104 0.06107955
322 104 0.02256944
325 104 0.02844551
332 104 0.02725291
344 104 0.07118056
0 105 0.03715521
9 105 0.04448622
21 105 0.04340659
25 105 0.04296066
39 105 0.06904762
69 105 0.08571429
119 105 0.04377880
148 105 0.06071429
236 105 0.04922780
257 105 0.06349206
272 105 0.04682540
277 105 0.04340659
280 105 0.04734219
315 105 0.04464286
0 106 0.06394092
29 106 0.10096154
88 106 0.08750000
169 106 0.07565789
231 106 0.08630952
238 106 0.08423913
329 106 0.07916667
332 106 0.07412791
0 107 0.00191939
58 107 0.04214514
171 107 0.02320574
348 107 0.00266188
353 107 0.00538043
363 107 0.00568680
366 107 0.00563311
376 107 0.00423787
389 107 0.01089514
414 107 0.00362312
420 107 0.01518435
428 107 0.00482629
475 107 0.00457683
483 107 0.00264297
484 107 0.00515137
517 107 0.00528616
526 107 0.00558051
538 107 0.00622560
563 107 0.00597297
566 107 0.00636082
580 107 0.00643085
596 107 0.01134803
601 107 0.02047847
606 107 0.00597297
629 107 0.04593301
637 107 0.00482629
641 107 0.00805423
649 107 0.10047847
651 107 0.00732778
896 107 0.00444672
897 107 0.00805423
898 107 0.01363636
899 107 0.16714514
900 107 0.03894001
901 107 0.01518435
902 107 0.01134803
903 107 0.01518435
904 107 0.16714514
905 107 0.02989023
906 107 0.00688873
907 107 0.03894001
908 107 0.01610347
909 107 0.04214514
910 107 0.10047847
911 107 0.50047847
912 107 0.05603402
913 107 0.01184211
914 107 0.03172847
915 107 0.01476418
916 107 0.00387983
917 107 0.00432462
918 107 0.50047847
919 107 0.01771985
920 107 0.03894001
921 107 0.00519545
922 107 0.01714514
923 107 0.06297847
924 107 0.01158958
925 107 0.00347248
926 107 0.02428799
927 107 0.00714514
928 107 0.05603402
929 107 0.10047847
930 107 0.01009385
931 107 0.03381180
932 107 0.00841498
933 107 0.02047847
934 107 0.00657603
935 107 0.07190704
936 107 0.01399198
937 107 0.07190704
938 107 0.01771985
939 107 0.02989023
940 107 0.02989023
941 107 0.00973773
942 107 0.00817078
943 107 0.04214514
944 107 0.01399198
945 107 0.12547847
946 107 0.00349052
947 107 0.00482629
948 107 0.01363636
949 107 0.02221760
950 107 0.05047847
951 107 0.02547847
952 107 0.00643085
953 107 0.00506562
954 107 0.00956938
955 107 0.05047847
956 107 0.05047847
957 107 0.00817078
958 107 0.02131180
959 107 0.01134803
960 107 0.00533284
961 107 0.03894001
962 107 0.01899699
963 107 0.01562998
964 107 0.01970924
965 107 0.03172847
966 107 0.00482629
967 107 0.00515137
968 107 0.01297847
969 107 0.01610347
970 107 0.03381180
971 107 0.01518435
972 107 0.02428799
973 107 0.02825625
974 107 0.04593301
975 107 0.00973773
976 107 0.02131180
977 107 0.01970924
978 107 0.00528616
979 107 0.05047847
980 107 0.00438472
981 107 0.01111677
982 107 0.00783141
983 107 0.00854299
984 107 0.01238323
985 107 0.07190704
986 107 0.04593301
987 107 0.08381180
988 107 0.01267359
989 107 0.01476418
990 107 0.01771985
991 107 0.02679426
992 107 0.01660750
993 107 0.00372522
994 107 0.01899699
995 107 0.00805423
996 107 0.12547847
997 107 0.00568680
998 107 0.05603402
999 107 0.00697198
1000 107 0.03172847
1001 107 0.01329898
1002 107 0.12547847
1003 107 0.00574163
1004 107 0.00464514
1005 107 0.03619275
1006 107 0.00399960
1007 107 0.03172847
1008 107 0.06297847
1009 107 0.00925040
1010 107 0.01436736
1011 107 0.01610347
1012 107 0.01610347
1013 107 0.04214514
1014 107 0.00552897
1015 107 0.01436736
1016 107 0.05603402
1017 107 0.00383417
1018 107 0.01028239
1019 107 0.00909916
1020 107 0.00909916
1021 107 0.00867519
1022 107 0.12547847
1023 107 0.05603402
1024 107 0.00636082
1025 107 0.01771985
1026 107 0.00672847
1027 107 0.16714514
1028 107 0.00794116
1029 107 0.00680758
1030 107 0.04593301
1031 107 0.12547847
1032 107 0.00680758
1033 107 0.02989023
1034 107 0.16714514
1035 107 0.01970924
1036 107 0.00909916
1037 107 0.01399198
1038 107 0.10047847
1039 107 0.01899699
1040 107 0.00794116
1041 107 0.01089514
1042 107 0.03381180
1043 107 0.04214514
1044 107 0.01833561
1045 107 0.04214514
1046 107 0.16714514
1047 107 0.00817078
1048 107 0.00519545
1049 107 0.00657603
1050 107 0.04593301
1051 107 0.01134803
1052 107 0.00841498
1053 107 0.06297847
1054 107 0.00973773
1055 107 0.03619275
1056 107 0.00817078
1057 107 0.10047847
1058 107 0.07190704
1059 107 0.00350877
1060 107 0.01028239
1061 107 0.05047847
1062 107 0.02320574
1063 107 0.02320574
1064 107 0.01899699
1065 107 0.25047847
1066 107 0.00783141
1067 107 0.00705742
1068 107 0.01068255
1069 107 0.02428799
1070 107 0.00688873
1071 107 0.16714514
1072 107 0.01970924
1073 107 0.05047847
1074 107 0.00841498
1075 107 0.00672847
1076 107 0.00399960
1077 107 0.03381180
1078 107 0.00321071
1079 107 0.00454351
1080 107 0.00881180
1081 107 0.01714514
1082 107 0.00925040
1083 107 0.00519545
1084 107 0.03381180
1085 107 0.00805423
1086 107 0.00291749
1087 107 0.07190704
1088 107 0.03619275
1089 107 0.03619275
1090 107 0.03894001
1091 107 0.02547847
1092 107 0.01047847
1093 107 0.05603402
1094 107 0.04593301
1095 107 0.02131180
1096 107 0.50047847
1097 107 0.01436736
1098 107 0.02221760
1099 107 0.00940704
1100 107 0.00829097
1101 107 0.00454351
1102 107 0.01028239
1103 107 0.06297847
1104 107 0.00506562
1105 107 0.12547847
1106 107 0.01899699
1107 107 0.00402457
1108 107 0.01210638
1109 107 0.01363636
1110 107 0.00762133
1111 107 0.05603402
1112 107 0.00973773
1113 107 0.01111677
1114 107 0.01363636
1115 107 0.01436736
1116 107 0.01771985
1117 107 0.00457683
1118 107 0.01476418
1119 107 0.50047847
1120 107 0.01028239
1121 107 0.02131180
1122 107 0.01068255
1123 107 0.00752072
1124 107 0.00432462
1125 107 0.00475197
1126 107 0.00300372
1127 107 0.02428799
1128 107 0.00558051
1129 107 0.00881180
1130 107 0.00805423
1131 107 0.01610347
1132 107 0.00399960
1133 107 0.08381180
1134 107 0.04593301
1135 107 0.00783141
1136 107 0.01562998
1137 107 0.01771985
1138 107 0.03619275
1139 107 0.02131180
1140 107 0.05603402
1141 107 0.02825625
1142 107 0.01562998
1143 107 0.03619275
1144 107 0.02428799
1145 107 0.50047847
1146 107 0.00387983
1147 107 0.10047847
1148 107 0.00817078
1149 107 0.00538043
1150 107 0.03619275
1151 107 0.08381180
1152 107 0.02989023
1153 107 0.00407559
1154 107 0.05603402
1155 107 0.01158958
1156 107 0.00552897
1157 107 0.10047847
1158 107 0.00805423
1159 107 0.00867519
1160 107 0.00616029
1161 107 0.02679426
1162 107 0.06297847
1163 107 0.00547847
1164 107 0.01899699
1165 107 0.01970924
1166 107 0.00925040
1167 107 0.01833561
1168 107 0.08381180
1169 107 0.02679426
1170 107 0.01436736
1171 107 0.02131180
1172 107 0.00490325
1173 107 0.00482629
1174 107 0.02825625
